5.679963592041158832e-02 9.573711229917207521e-02 5.892459365887232625e-01
2.394829927957800933e-02 9.711676133348981499e-02 5.991498345852506180e-01
-9.386892957330654833e-03 9.456471487308726331e-02 5.899279420419341058e-01
-4.300741531379279753e-02 9.522531431834634075e-02 5.993523755756671179e-01
5.780377415364319760e-02 6.364047236180216116e-02 5.934359832673099522e-01
2.770909784727176861e-02 7.034698535654003437e-02 6.662894532371073097e-01
-8.739516672356974908e-03 6.217253808797494619e-02 5.954699488858566925e-01
-4.320463030576345009e-02 6.347042250322615375e-02 6.140714663216427782e-01
6.029325365865475378e-02 3.154796401369942133e-02 6.083939541539138407e-01
2.540936357007569577e-02 2.986883928503328983e-02 5.995049158507698150e-01
-8.258716224644654588e-03 3.023494833970520948e-02 6.090439067075892332e-01
-4.110650702767374570e-02 2.879950570984915817e-02 5.973652185701032735e-01
